    493442    1016602       26   1523.90
    493442    1016602      226   1528.10
    493442    1016602      561   1519.80
    493442    1016602     1064   1519.80
    493442    1016602     1338   1519.80
    493442    1016602     1575   1553.00
    493442    1016602     1697   1574.80
    493442    1016602     1864   1619.40
    493442    1016602     2134   1661.00
    493442    1016602     2438   1747.50
    493442    1016602     2646   1748.20
    493442    1016602     2803   1778.90
    493442    1016602     3013   1839.50
    493442    1016602     3199   1901.80
    493442    1016602     3320   1943.70
    493442    1016602     3438   1912.30
    493442    1016602     3632   1935.90
    493442    1016602     3820   1935.90
    493442    1016602     4079   1951.60
    493442    1016602     4202   1983.00
    493442    1016602     4320   1943.70
    493442    1016602     4461   2014.40
    493442    1016602     4500   2119.00
    494692    1016604       12   1519.80
    494692    1016604       26   1523.90
    494692    1016604      292   1527.70
    494692    1016604      392   1527.70
    494692    1016604      592   1516.40
    494692    1016604     1054   1515.60
    494692    1016604     1133   1519.90
    494692    1016604     1217   1515.60
    494692    1016604     1298   1527.70
    494692    1016604     1586   1567.00
    494692    1016604     1774   1606.20
    494692    1016604     1868   1629.70
    494692    1016604     1956   1637.60
    494692    1016604     2074   1645.40
    494692    1016604     2150   1676.80
    494692    1016604     2432   1723.90
    494692    1016604     2591   1755.30
    494692    1016604     2750   1778.90
    494692    1016604     2944   1826.00
    494692    1016604     3008   1731.80
    494692    1016604     3157   1897.70
    494692    1016604     3232   1912.30
    494692    1016604     3355   1928.00
    494692    1016604     3502   1955.80
    494692    1016604     3555   1896.60
    494692    1016604     3720   1920.20
    494692    1016604     3949   1967.30
    494692    1016604     3996   2061.50
    494692    1016604     4049   1967.30
    494692    1016604     4190   1983.00
    494692    1016604     4308   2100.70
    494692    1016604     4431   2121.50
    494692    1016604     4500   2137.60
    495942    1016605        4   1480.40
    495942    1016605      927   1480.50
    495942    1016605     1139   1519.90
    495942    1016605     1363   1531.30
    495942    1016605     1554   1569.50
    495942    1016605     1703   1606.20
    495942    1016605     1790   1612.00
    495942    1016605     1909   1629.70
    495942    1016605     2055   1658.60
    495942    1016605     2221   1692.50
    495942    1016605     2454   1735.00
    495942    1016605     2544   1755.30
    495942    1016605     2672   1830.90
    495942    1016605     2826   1802.40
    495942    1016605     2920   1857.40
    495942    1016605     3173   1912.30
    495942    1016605     3238   1920.20
    495942    1016605     3329   1993.10
    495942    1016605     3450   1967.30
    495942    1016605     3514   2006.50
    495942    1016605     3673   1990.80
    495942    1016605     3754   2019.70
    495942    1016605     3826   2030.10
    495942    1016605     3975   2056.10
    495942    1016605     4090   1983.00
    495942    1016605     4308   1990.80
    495942    1016605     4496   2006.50
    495942    1016605     4500   2007.60
    497192    1016606        4   1480.60
    497192    1016606      762   1480.60
    497192    1016606      956   1482.40
    497192    1016606     1033   1518.90
    497192    1016606     1162   1514.40
    497192    1016606     1292   1535.90
    497192    1016606     1365   1539.80
    497192    1016606     1544   1578.30
    497192    1016606     1621   1589.00
    497192    1016606     1909   1624.10
    497192    1016606     1998   1654.30
    497192    1016606     2115   1661.90
    497192    1016606     2226   1681.00
    497192    1016606     2315   1695.30
    497192    1016606     2432   1713.80
    497192    1016606     2732   1767.10
    497192    1016606     2879   1788.30
    497192    1016606     2978   1858.10
    497192    1016606     3085   1877.60
    497192    1016606     3150   1896.40
    497192    1016606     3220   1921.40
    497192    1016606     3308   1923.30
    497192    1016606     3355   1895.40
    497192    1016606     3579   1937.10
    497192    1016606     3679   1945.50
    497192    1016606     3732   1952.20
    497192    1016606     4026   2050.00
    497192    1016606     4151   2072.60
    497192    1016606     4315   2003.30
    497192    1016606     4484   2023.80
    497192    1016606     4500   2028.00
    498442    1016607        4   1480.60
    498442    1016607      745   1481.20
    498442    1016607      945   1481.10
    498442    1016607     1009   1508.60
    498442    1016607     1180   1528.00
    498442    1016607     1274   1531.10
    498442    1016607     1503   1551.90
    498442    1016607     1709   1550.10
    498442    1016607     1821   1571.80
    498442    1016607     1915   1627.10
    498442    1016607     2080   1653.20
    498442    1016607     2174   1676.10
    498442    1016607     2332   1708.10
    498442    1016607     2428   1735.00
    498442    1016607     2530   1752.00
    498442    1016607     2691   1803.30
    498442    1016607     2785   1772.30
    498442    1016607     2867   1815.60
    498442    1016607     2944   1842.80
    498442    1016607     3032   1876.70
    498442    1016607     3097   1896.60
    498442    1016607     3162   1917.50
    498442    1016607     3261   1929.20
    498442    1016607     3315   1938.70
    498442    1016607     3461   1897.10
    498442    1016607     3520   1917.30
    498442    1016607     3679   1934.40
    498442    1016607     4020   1954.30
    498442    1016607     4126   1975.20
    498442    1016607     4232   1985.50
    498442    1016607     4478   2028.10
    498442    1016607     4500   2033.80
    499692    1016608        4   1480.60
    499692    1016608      909   1480.80
    499692    1016608      998   1515.70
    499692    1016608     1068   1520.20
    499692    1016608     1171   1518.60
    499692    1016608     1280   1526.60
    499692    1016608     1392   1547.40
    499692    1016608     1472   1552.50
    499692    1016608     1580   1575.10
    499692    1016608     1697   1574.50
    499692    1016608     1774   1589.80
    499692    1016608     1891   1639.90
    499692    1016608     2021   1654.40
    499692    1016608     2115   1661.00
    499692    1016608     2285   1698.10
    499692    1016608     2377   1713.80
    499692    1016608     2456   1731.20
    499692    1016608     2587   1746.80
    499692    1016608     2683   1777.10
    499692    1016608     2797   1815.60
    499692    1016608     2850   1825.70
    499692    1016608     2956   1862.50
    499692    1016608     3091   1947.30
    499692    1016608     3210   2016.70
    499692    1016608     3363   2048.20
    499692    1016608     3414   1980.20
    499692    1016608     3533   1985.20
    499692    1016608     3646   1993.10
    499692    1016608     3890   2032.50
    499692    1016608     4478   2022.50
    499692    1016608     4500   2028.30
    500942    1016609        3   1510.10
    500942    1016609      592   1512.00
    500942    1016609      792   1519.90
    500942    1016609      973   1518.60
    500942    1016609     1068   1519.90
    500942    1016609     1176   1522.80
    500942    1016609     1315   1535.60
    500942    1016609     1392   1559.10
    500942    1016609     1509   1569.50
    500942    1016609     1691   1606.20
    500942    1016609     1850   1633.20
    500942    1016609     1974   1653.30
    500942    1016609     2085   1684.70
    500942    1016609     2326   1723.90
    500942    1016609     2456   1739.60
    500942    1016609     2621   1788.20
    500942    1016609     2751   1819.90
    500942    1016609     2850   1841.70
    500942    1016609     2962   1880.90
    500942    1016609     3103   1920.20
    500942    1016609     3208   1947.20
    500942    1016609     3308   1998.70
    500942    1016609     3485   1943.70
    500942    1016609     3649   1928.00
    500942    1016609     3766   1937.90
    500942    1016609     3924   2048.20
    500942    1016609     4168   2048.20
    500942    1016609     4337   2030.10
    500942    1016609     4414   2037.90
    500942    1016609     4500   2060.60
    502192    1016611        3   1510.10
    502192    1016611      268   1527.70
    502192    1016611      497   1518.60
    502192    1016611      751   1519.90
    502192    1016611      940   1518.60
    502192    1016611     1039   1519.90
    502192    1016611     1103   1519.90
    502192    1016611     1309   1535.60
    502192    1016611     1456   1582.70
    502192    1016611     1606   1603.50
    502192    1016611     1850   1653.30
    502192    1016611     1985   1669.00
    502192    1016611     2291   1731.80
    502192    1016611     2432   1763.20
    502192    1016611     2597   1794.60
    502192    1016611     2797   1841.70
    502192    1016611     2897   1865.20
    502192    1016611     2991   1888.80
    502192    1016611     3176   2016.70
    502192    1016611     3397   1983.00
    502192    1016611     3482   2008.80
    502192    1016611     3584   1937.90
    502192    1016611     3661   2006.50
    502192    1016611     3749   1983.00
    502192    1016611     3902   1998.70
    502192    1016611     4431   2045.80
    502192    1016611     4500   2063.60
    503442    1016612        3   1510.10
    503442    1016612      497   1518.60
    503442    1016612      686   1525.40
    503442    1016612      904   1521.60
    503442    1016612     1004   1526.20
    503442    1016612     1056   1526.40
    503442    1016612     1127   1525.10
    503442    1016612     1180   1566.30
    503442    1016612     1370   1565.30
    503442    1016612     1471   1614.90
    503442    1016612     1580   1586.80
    503442    1016612     1791   1630.30
    503442    1016612     1915   1643.80
    503442    1016612     2080   1675.20
    503442    1016612     2215   1653.20
    503442    1016612     2409   1724.70
    503442    1016612     2491   1804.00
    503442    1016612     2717   1859.10
    503442    1016612     2887   1890.70
    503442    1016612     3003   1905.80
    503442    1016612     3061   1975.20
    503442    1016612     3161   2005.80
    503442    1016612     3244   1989.90
    503442    1016612     3426   1960.50
    503442    1016612     3584   1945.80
    503442    1016612     3714   2008.80
    503442    1016612     3816   1977.30
    503442    1016612     4084   1984.10
    503442    1016612     4366   2032.50
    503442    1016612     4491   2048.20
    503442    1016612     4500   2050.60
    504692    1016613       10   1480.60
    504692    1016613      680   1482.10
    504692    1016613      809   1512.00
    504692    1016613      904   1512.00
    504692    1016613      992   1512.00
    504692    1016613     1145   1519.90
    504692    1016613     1292   1535.60
    504692    1016613     1415   1582.70
    504692    1016613     1568   1598.40
    504692    1016613     1762   1623.10
    504692    1016613     1932   1684.10
    504692    1016613     2088   1709.50
    504692    1016613     2298   1741.00
    504692    1016613     2400   1772.50
    504692    1016613     2479   1827.60
    504692    1016613     2650   1867.40
    504692    1016613     2848   1870.80
    504692    1016613     2979   1904.50
    504692    1016613     3139   1951.40
    504692    1016613     3314   1945.00
    504692    1016613     3485   1967.30
    504692    1016613     3632   1999.30
    504692    1016613     3804   2057.50
    504692    1016613     4132   2085.00
    504692    1016613     4456   2155.10
    504692    1016613     4500   2165.00
    505942    1016614       16   1480.60
    505942    1016614      557   1481.10
    505942    1016614      811   1518.60
    505942    1016614      980   1527.70
    505942    1016614     1111   1522.80
    505942    1016614     1421   1559.10
    505942    1016614     1527   1598.40
    505942    1016614     1638   1597.40
    505942    1016614     1868   1637.60
    505942    1016614     2174   1748.80
    505942    1016614     2289   1739.30
    505942    1016614     2451   1819.70
    505942    1016614     2568   1794.60
    505942    1016614     2656   1841.70
    505942    1016614     2870   1906.40
    505942    1016614     2921   1969.40
    505942    1016614     3035   1945.80
    505942    1016614     3159   2008.80
    505942    1016614     3279   1975.10
    505942    1016614     3476   1985.40
    505942    1016614     3544   2016.70
    505942    1016614     3744   2014.40
    505942    1016614     3868   2142.80
    505942    1016614     4061   2061.50
    505942    1016614     4465   2163.60
    505942    1016614     4500   2171.30
