    493442    1016602       26   1523.90
    493442    1016602      126   1526.00
    493442    1016602      226   1528.10
    493442    1016602      326   1525.60
    493442    1016602      426   1523.10
    493442    1016602      526   1520.60
    493442    1016602      626   1519.80
    493442    1016602      726   1519.80
    493442    1016602      826   1519.80
    493442    1016602      926   1519.80
    493442    1016602     1026   1519.80
    493442    1016602     1126   1519.80
    493442    1016602     1226   1519.80
    493442    1016602     1326   1519.80
    493442    1016602     1426   1532.10
    493442    1016602     1526   1546.10
    493442    1016602     1626   1562.00
    493442    1016602     1726   1582.50
    493442    1016602     1826   1609.30
    493442    1016602     1926   1629.00
    493442    1016602     2026   1644.40
    493442    1016602     2126   1659.80
    493442    1016602     2226   1687.20
    493442    1016602     2326   1715.60
    493442    1016602     2426   1744.00
    493442    1016602     2526   1747.80
    493442    1016602     2626   1748.10
    493442    1016602     2726   1763.90
    493442    1016602     2826   1785.60
    493442    1016602     2926   1814.40
    493442    1016602     3026   1843.80
    493442    1016602     3126   1877.30
    493442    1016602     3226   1911.10
    493442    1016602     3326   1942.20
    493442    1016602     3426   1915.50
    493442    1016602     3526   1923.00
    493442    1016602     3626   1935.20
    493442    1016602     3726   1935.90
    493442    1016602     3826   1936.20
    493442    1016602     3926   1942.30
    493442    1016602     4026   1948.40
    493442    1016602     4126   1963.60
    493442    1016602     4226   1975.00
    493442    1016602     4326   1946.80
    493442    1016602     4426   1996.90
    493442    1016602     4526   2119.00
    494692    1016604       12   1519.80
    494692    1016604      112   1525.10
    494692    1016604      212   1526.60
    494692    1016604      312   1527.70
    494692    1016604      412   1526.60
    494692    1016604      512   1520.90
    494692    1016604      612   1516.30
    494692    1016604      712   1516.20
    494692    1016604      812   1516.00
    494692    1016604      912   1515.80
    494692    1016604     1012   1515.70
    494692    1016604     1112   1518.70
    494692    1016604     1212   1515.90
    494692    1016604     1312   1529.70
    494692    1016604     1412   1543.30
    494692    1016604     1512   1556.90
    494692    1016604     1612   1572.50
    494692    1016604     1712   1593.30
    494692    1016604     1812   1615.80
    494692    1016604     1912   1633.70
    494692    1016604     2012   1641.30
    494692    1016604     2112   1661.20
    494692    1016604     2212   1687.20
    494692    1016604     2312   1703.90
    494692    1016604     2412   1720.50
    494692    1016604     2512   1739.70
    494692    1016604     2612   1758.40
    494692    1016604     2712   1773.30
    494692    1016604     2812   1794.00
    494692    1016604     2912   1818.20
    494692    1016604     3012   1735.60
    494692    1016604     3112   1847.10
    494692    1016604     3212   1908.40
    494692    1016604     3312   1922.50
    494692    1016604     3412   1938.80
    494692    1016604     3512   1944.40
    494692    1016604     3612   1904.70
    494692    1016604     3712   1919.00
    494692    1016604     3812   1939.10
    494692    1016604     3912   1959.60
    494692    1016604     4012   2033.60
    494692    1016604     4112   1974.20
    494692    1016604     4212   2004.60
    494692    1016604     4312   2101.40
    494692    1016604     4412   2118.20
    494692    1016604     4512   2137.60
    495942    1016605        4   1480.40
    495942    1016605      104   1480.40
    495942    1016605      204   1480.40
    495942    1016605      304   1480.40
    495942    1016605      404   1480.40
    495942    1016605      504   1480.50
    495942    1016605      604   1480.50
    495942    1016605      704   1480.50
    495942    1016605      804   1480.50
    495942    1016605      904   1480.50
    495942    1016605     1004   1494.80
    495942    1016605     1104   1513.50
    495942    1016605     1204   1523.20
    495942    1016605     1304   1528.30
    495942    1016605     1404   1539.50
    495942    1016605     1504   1559.60
    495942    1016605     1604   1581.90
    495942    1016605     1704   1606.20
    495942    1016605     1804   1614.00
    495942    1016605     1904   1629.00
    495942    1016605     2004   1648.50
    495942    1016605     2104   1668.60
    495942    1016605     2204   1689.10
    495942    1016605     2304   1707.70
    495942    1016605     2404   1725.80
    495942    1016605     2504   1746.20
    495942    1016605     2604   1790.70
    495942    1016605     2704   1825.00
    495942    1016605     2804   1806.60
    495942    1016605     2904   1847.80
    495942    1016605     3004   1875.50
    495942    1016605     3104   1897.30
    495942    1016605     3204   1916.10
    495942    1016605     3304   1972.80
    495942    1016605     3404   1977.10
    495942    1016605     3504   2000.30
    495942    1016605     3604   1997.60
    495942    1016605     3704   2001.80
    495942    1016605     3804   2026.90
    495942    1016605     3904   2043.70
    495942    1016605     4004   2037.80
    495942    1016605     4104   1983.50
    495942    1016605     4204   1987.10
    495942    1016605     4304   1990.70
    495942    1016605     4404   1998.80
    495942    1016605     4504   2007.60
    497192    1016606        4   1480.60
    497192    1016606      104   1480.60
    497192    1016606      204   1480.60
    497192    1016606      304   1480.60
    497192    1016606      404   1480.60
    497192    1016606      504   1480.60
    497192    1016606      604   1480.60
    497192    1016606      704   1480.60
    497192    1016606      804   1481.00
    497192    1016606      904   1481.90
    497192    1016606     1004   1505.10
    497192    1016606     1104   1516.40
    497192    1016606     1204   1521.30
    497192    1016606     1304   1536.60
    497192    1016606     1404   1548.10
    497192    1016606     1504   1569.60
    497192    1016606     1604   1586.60
    497192    1016606     1704   1599.10
    497192    1016606     1804   1611.30
    497192    1016606     1904   1623.50
    497192    1016606     2004   1654.70
    497192    1016606     2104   1661.20
    497192    1016606     2204   1677.10
    497192    1016606     2304   1693.60
    497192    1016606     2404   1709.30
    497192    1016606     2504   1726.50
    497192    1016606     2604   1744.30
    497192    1016606     2704   1762.10
    497192    1016606     2804   1777.50
    497192    1016606     2904   1805.80
    497192    1016606     3004   1862.90
    497192    1016606     3104   1883.10
    497192    1016606     3204   1915.60
    497192    1016606     3304   1923.20
    497192    1016606     3404   1904.50
    497192    1016606     3504   1923.10
    497192    1016606     3604   1939.20
    497192    1016606     3704   1948.70
    497192    1016606     3804   1976.20
    497192    1016606     3904   2009.40
    497192    1016606     4004   2042.60
    497192    1016606     4104   2064.10
    497192    1016606     4204   2050.20
    497192    1016606     4304   2008.00
    497192    1016606     4404   2014.10
    497192    1016606     4504   2028.00
    498442    1016607        4   1480.60
    498442    1016607      104   1480.70
    498442    1016607      204   1480.80
    498442    1016607      304   1480.90
    498442    1016607      404   1480.90
    498442    1016607      504   1481.00
    498442    1016607      604   1481.10
    498442    1016607      704   1481.20
    498442    1016607      804   1481.20
    498442    1016607      904   1481.10
    498442    1016607     1004   1506.30
    498442    1016607     1104   1519.40
    498442    1016607     1204   1528.80
    498442    1016607     1304   1533.80
    498442    1016607     1404   1542.90
    498442    1016607     1504   1551.90
    498442    1016607     1604   1551.00
    498442    1016607     1704   1550.20
    498442    1016607     1804   1568.50
    498442    1016607     1904   1620.60
    498442    1016607     2004   1641.20
    498442    1016607     2104   1659.10
    498442    1016607     2204   1682.20
    498442    1016607     2304   1702.30
    498442    1016607     2404   1728.20
    498442    1016607     2504   1747.70
    498442    1016607     2604   1775.60
    498442    1016607     2704   1799.00
    498442    1016607     2804   1782.20
    498442    1016607     2904   1828.60
    498442    1016607     3004   1865.90
    498442    1016607     3104   1898.90
    498442    1016607     3204   1922.40
    498442    1016607     3304   1936.80
    498442    1016607     3404   1913.40
    498442    1016607     3504   1911.80
    498442    1016607     3604   1926.30
    498442    1016607     3704   1935.90
    498442    1016607     3804   1941.70
    498442    1016607     3904   1947.50
    498442    1016607     4004   1953.30
    498442    1016607     4104   1970.90
    498442    1016607     4204   1982.80
    498442    1016607     4304   1998.00
    498442    1016607     4404   2015.20
    498442    1016607     4504   2033.80
    499692    1016608        4   1480.60
    499692    1016608      104   1480.60
    499692    1016608      204   1480.70
    499692    1016608      304   1480.70
    499692    1016608      404   1480.70
    499692    1016608      504   1480.70
    499692    1016608      604   1480.80
    499692    1016608      704   1480.80
    499692    1016608      804   1480.80
    499692    1016608      904   1480.80
    499692    1016608     1004   1516.10
    499692    1016608     1104   1519.60
    499692    1016608     1204   1521.00
    499692    1016608     1304   1531.10
    499692    1016608     1404   1548.20
    499692    1016608     1504   1559.30
    499692    1016608     1604   1574.90
    499692    1016608     1704   1575.80
    499692    1016608     1804   1602.70
    499692    1016608     1904   1641.30
    499692    1016608     2004   1652.50
    499692    1016608     2104   1660.20
    499692    1016608     2204   1680.40
    499692    1016608     2304   1701.30
    499692    1016608     2404   1719.70
    499692    1016608     2504   1736.90
    499692    1016608     2604   1752.10
    499692    1016608     2704   1784.00
    499692    1016608     2804   1816.90
    499692    1016608     2904   1844.50
    499692    1016608     3004   1892.70
    499692    1016608     3104   1954.60
    499692    1016608     3204   2013.00
    499692    1016608     3304   2036.00
    499692    1016608     3404   1994.00
    499692    1016608     3504   1984.00
    499692    1016608     3604   1990.10
    499692    1016608     3704   2002.30
    499692    1016608     3804   2018.50
    499692    1016608     3904   2032.20
    499692    1016608     4004   2030.50
    499692    1016608     4104   2028.80
    499692    1016608     4204   2027.10
    499692    1016608     4304   2025.40
    499692    1016608     4404   2023.70
    499692    1016608     4504   2028.30
    500942    1016609        3   1510.10
    500942    1016609      103   1510.40
    500942    1016609      203   1510.80
    500942    1016609      303   1511.10
    500942    1016609      403   1511.40
    500942    1016609      503   1511.70
    500942    1016609      603   1512.40
    500942    1016609      703   1516.40
    500942    1016609      803   1519.80
    500942    1016609      903   1519.10
    500942    1016609     1003   1519.00
    500942    1016609     1103   1520.80
    500942    1016609     1203   1525.30
    500942    1016609     1303   1534.40
    500942    1016609     1403   1560.10
    500942    1016609     1503   1569.00
    500942    1016609     1603   1588.40
    500942    1016609     1703   1608.10
    500942    1016609     1803   1625.10
    500942    1016609     1903   1641.70
    500942    1016609     2003   1661.40
    500942    1016609     2103   1687.50
    500942    1016609     2203   1703.80
    500942    1016609     2303   1720.10
    500942    1016609     2403   1733.20
    500942    1016609     2503   1753.40
    500942    1016609     2603   1782.80
    500942    1016609     2703   1808.10
    500942    1016609     2803   1831.20
    500942    1016609     2903   1860.30
    500942    1016609     3003   1892.40
    500942    1016609     3103   1920.20
    500942    1016609     3203   1945.70
    500942    1016609     3303   1995.70
    500942    1016609     3403   1969.30
    500942    1016609     3503   1942.00
    500942    1016609     3603   1932.50
    500942    1016609     3703   1932.60
    500942    1016609     3803   1963.70
    500942    1016609     3903   2033.30
    500942    1016609     4003   2048.20
    500942    1016609     4103   2048.20
    500942    1016609     4203   2044.50
    500942    1016609     4303   2033.80
    500942    1016609     4403   2036.80
    500942    1016609     4503   2060.60
    502192    1016611        3   1510.10
    502192    1016611      103   1516.70
    502192    1016611      203   1523.30
    502192    1016611      303   1526.30
    502192    1016611      403   1522.40
    502192    1016611      503   1518.60
    502192    1016611      603   1519.10
    502192    1016611      703   1519.60
    502192    1016611      803   1519.50
    502192    1016611      903   1518.90
    502192    1016611     1003   1519.40
    502192    1016611     1103   1519.90
    502192    1016611     1203   1527.40
    502192    1016611     1303   1535.10
    502192    1016611     1403   1565.50
    502192    1016611     1503   1589.10
    502192    1016611     1603   1603.10
    502192    1016611     1703   1623.20
    502192    1016611     1803   1643.60
    502192    1016611     1903   1659.40
    502192    1016611     2003   1672.50
    502192    1016611     2103   1693.10
    502192    1016611     2203   1713.60
    502192    1016611     2303   1734.30
    502192    1016611     2403   1756.60
    502192    1016611     2503   1776.60
    502192    1016611     2603   1795.90
    502192    1016611     2703   1819.50
    502192    1016611     2803   1843.00
    502192    1016611     2903   1866.70
    502192    1016611     3003   1896.90
    502192    1016611     3103   1965.90
    502192    1016611     3203   2012.70
    502192    1016611     3303   1997.40
    502192    1016611     3403   1984.80
    502192    1016611     3503   1994.60
    502192    1016611     3603   1954.30
    502192    1016611     3703   1995.40
    502192    1016611     3803   1988.40
    502192    1016611     3903   1998.70
    502192    1016611     4003   2007.60
    502192    1016611     4103   2016.50
    502192    1016611     4203   2025.40
    502192    1016611     4303   2034.30
    502192    1016611     4403   2043.20
    502192    1016611     4503   2063.60
    503442    1016612        3   1510.10
    503442    1016612      103   1511.80
    503442    1016612      203   1513.50
    503442    1016612      303   1515.30
    503442    1016612      403   1517.00
    503442    1016612      503   1518.80
    503442    1016612      603   1522.40
    503442    1016612      703   1525.10
    503442    1016612      803   1523.40
    503442    1016612      903   1521.70
    503442    1016612     1003   1526.20
    503442    1016612     1103   1525.50
    503442    1016612     1203   1566.20
    503442    1016612     1303   1565.60
    503442    1016612     1403   1581.30
    503442    1016612     1503   1606.70
    503442    1016612     1603   1591.50
    503442    1016612     1703   1612.00
    503442    1016612     1803   1631.50
    503442    1016612     1903   1642.50
    503442    1016612     2003   1660.60
    503442    1016612     2103   1671.50
    503442    1016612     2203   1655.20
    503442    1016612     2303   1685.60
    503442    1016612     2403   1722.50
    503442    1016612     2503   1806.90
    503442    1016612     2603   1831.20
    503442    1016612     2703   1855.50
    503442    1016612     2803   1874.90
    503442    1016612     2903   1892.70
    503442    1016612     3003   1905.80
    503442    1016612     3103   1987.80
    503442    1016612     3203   1997.80
    503442    1016612     3303   1980.40
    503442    1016612     3403   1964.20
    503442    1016612     3503   1953.40
    503442    1016612     3603   1954.70
    503442    1016612     3703   2003.10
    503442    1016612     3803   1981.60
    503442    1016612     3903   1979.50
    503442    1016612     4003   1982.00
    503442    1016612     4103   1987.20
    503442    1016612     4203   2004.40
    503442    1016612     4303   2021.60
    503442    1016612     4403   2037.10
    503442    1016612     4503   2050.60
    504692    1016613       10   1480.60
    504692    1016613      110   1480.80
    504692    1016613      210   1481.10
    504692    1016613      310   1481.30
    504692    1016613      410   1481.50
    504692    1016613      510   1481.70
    504692    1016613      610   1481.90
    504692    1016613      710   1488.90
    504692    1016613      810   1512.00
    504692    1016613      910   1512.00
    504692    1016613     1010   1512.90
    504692    1016613     1110   1518.10
    504692    1016613     1210   1526.80
    504692    1016613     1310   1542.50
    504692    1016613     1410   1580.60
    504692    1016613     1510   1592.40
    504692    1016613     1610   1603.70
    504692    1016613     1710   1616.40
    504692    1016613     1810   1640.20
    504692    1016613     1910   1676.00
    504692    1016613     2010   1696.70
    504692    1016613     2110   1712.60
    504692    1016613     2210   1727.70
    504692    1016613     2310   1744.60
    504692    1016613     2410   1779.20
    504692    1016613     2510   1834.70
    504692    1016613     2610   1858.10
    504692    1016613     2710   1868.40
    504692    1016613     2810   1870.10
    504692    1016613     2910   1886.60
    504692    1016613     3010   1913.50
    504692    1016613     3110   1942.80
    504692    1016613     3210   1948.80
    504692    1016613     3310   1945.20
    504692    1016613     3410   1957.50
    504692    1016613     3510   1972.70
    504692    1016613     3610   1994.50
    504692    1016613     3710   2025.60
    504692    1016613     3810   2057.90
    504692    1016613     3910   2066.40
    504692    1016613     4010   2074.80
    504692    1016613     4110   2083.20
    504692    1016613     4210   2101.90
    504692    1016613     4310   2123.50
    504692    1016613     4410   2145.10
    504692    1016613     4510   2165.00
    505942    1016614       16   1480.60
    505942    1016614      116   1480.70
    505942    1016614      216   1480.80
    505942    1016614      316   1480.90
    505942    1016614      416   1481.00
    505942    1016614      516   1481.10
    505942    1016614      616   1489.80
    505942    1016614      716   1504.60
    505942    1016614      816   1518.80
    505942    1016614      916   1524.20
    505942    1016614     1016   1526.40
    505942    1016614     1116   1523.40
    505942    1016614     1216   1535.10
    505942    1016614     1316   1546.80
    505942    1016614     1416   1558.50
    505942    1016614     1516   1594.20
    505942    1016614     1616   1597.60
    505942    1016614     1716   1610.90
    505942    1016614     1816   1628.40
    505942    1016614     1916   1655.00
    505942    1016614     2016   1691.40
    505942    1016614     2116   1727.80
    505942    1016614     2216   1745.40
    505942    1016614     2316   1752.40
    505942    1016614     2416   1802.10
    505942    1016614     2516   1805.80
    505942    1016614     2616   1820.30
    505942    1016614     2716   1859.80
    505942    1016614     2816   1889.90
    505942    1016614     2916   1962.40
    505942    1016614     3016   1949.80
    505942    1016614     3116   1986.70
    505942    1016614     3216   1993.00
    505942    1016614     3316   1977.00
    505942    1016614     3416   1982.20
    505942    1016614     3516   2003.40
    505942    1016614     3616   2015.90
    505942    1016614     3716   2014.70
    505942    1016614     3816   2089.10
    505942    1016614     3916   2122.50
    505942    1016614     4016   2080.50
    505942    1016614     4116   2075.30
    505942    1016614     4216   2100.50
    505942    1016614     4316   2125.80
    505942    1016614     4416   2151.10
    505942    1016614     4516   2171.30
